Annee	Mois	Jour	RR
1979	12	1	0
1979	12	2	0
1979	12	3	0
1979	12	4	0
1979	12	5	0
1979	12	6	0
1979	12	7	0
1979	12	8	0
1979	12	9	0
1979	12	10	0
1979	12	11	0
1979	12	12	0
1979	12	13	0
1979	12	14	0
1979	12	15	0
1979	12	16	0
1979	12	17	0
1979	12	18	0
1979	12	19	3,7
1979	12	20	14,5
1979	12	21	0,7
1979	12	22	4,9
1979	12	23	0
1979	12	24	0
1979	12	25	0
1979	12	26	0
1979	12	27	0
1979	12	28	0
1979	12	29	0
1979	12	30	0
1979	12	31	0
1980	1	1	0
1980	1	2	0
1980	1	3	0
1980	1	4	0
1980	1	5	0
1980	1	6	0
1980	1	7	0
1980	1	8	0
1980	1	9	0
1980	1	10	0
1980	1	11	0
1980	1	12	0
1980	1	13	3,3
1980	1	14	0
1980	1	15	0
1980	1	16	2,6
1980	1	17	1,3
1980	1	18	1,5
1980	1	19	0
1980	1	20	0
1980	1	21	0
1980	1	22	0
1980	1	23	0
1980	1	24	0
1980	1	25	0
1980	1	26	0
1980	1	27	0
1980	1	28	0
1980	1	29	0,8
1980	1	30	0
1980	1	31	0
1980	2	1	0
1980	2	2	0
1980	2	3	0
1980	2	4	0
1980	2	5	0
1980	2	6	0
1980	2	7	0
1980	2	8	0
1980	2	9	0
1980	2	10	0
1980	2	11	0
1980	2	12	0
1980	2	13	0
1980	2	14	0
1980	2	15	0
1980	2	16	0
1980	2	17	0
1980	2	18	0
1980	2	19	0
1980	2	20	15,4
1980	2	21	21
1980	2	22	0
1980	2	23	0
1980	2	24	0,2
1980	2	25	2,2
1980	2	26	9,1
1980	2	27	4
1980	2	28	0
1980	2	29	0,3
1980	12	1	0
1980	12	2	0
1980	12	3	0
1980	12	4	0
1980	12	5	0
1980	12	6	0
1980	12	7	0
1980	12	8	0
1980	12	9	0
1980	12	10	0
1980	12	11	0
1980	12	12	0
1980	12	13	0
1980	12	14	0
1980	12	15	3,2
1980	12	16	35,8
1980	12	17	5,2
1980	12	18	0
1980	12	19	3,3
1980	12	20	0
1980	12	21	0
1980	12	22	0
1980	12	23	0
1980	12	24	0
1980	12	25	0
1980	12	26	0
1980	12	27	11
1980	12	28	59,2
1980	12	29	48,3
1980	12	30	15,1
1980	12	31	0
1981	1	1	0
1981	1	2	0
1981	1	3	0
1981	1	4	0
1981	1	5	0
1981	1	6	0
1981	1	7	0
1981	1	8	0
1981	1	9	0
1981	1	10	0
1981	1	11	2,6
1981	1	12	2,6
1981	1	13	37
1981	1	14	0
1981	1	15	0
1981	1	16	0
1981	1	17	0
1981	1	18	0
1981	1	19	0
1981	1	20	0
1981	1	21	0
1981	1	22	0
1981	1	23	0
1981	1	24	0
1981	1	25	0
1981	1	26	0
1981	1	27	0
1981	1	28	0
1981	1	29	0
1981	1	30	0
1981	1	31	0
1981	2	1	0
1981	2	2	0
1981	2	3	0
1981	2	4	0
1981	2	5	0
1981	2	6	0
1981	2	7	0
1981	2	8	0
1981	2	9	0
1981	2	10	0,2
1981	2	11	0
1981	2	12	6,8
1981	2	13	0
1981	2	14	0
1981	2	15	9,4
1981	2	16	5,2
1981	2	17	1
1981	2	18	0
1981	2	19	0
1981	2	20	8,7
1981	2	21	0,1
1981	2	22	0
1981	2	23	0
1981	2	24	0
1981	2	25	0
1981	2	26	0
1981	2	27	0
1981	2	28	0
1981	12	1	0
1981	12	2	0
1981	12	3	0
1981	12	4	0
1981	12	5	0
1981	12	6	0,2
1981	12	7	0
1981	12	8	0
1981	12	9	0
1981	12	10	0
1981	12	11	0
1981	12	12	0
1981	12	13	0
1981	12	14	0
1981	12	15	0
1981	12	16	0
1981	12	17	0
1981	12	18	12,5
1981	12	19	0
1981	12	20	0
1981	12	21	1,7
1981	12	22	0,4
1981	12	23	0
1981	12	24	0
1981	12	25	0
1981	12	26	0
1981	12	27	1,5
1981	12	28	0,5
1981	12	29	0
1981	12	30	0
1981	12	31	0
1982	1	1	0
1982	1	2	0
1982	1	3	0
1982	1	4	0
1982	1	5	0
1982	1	6	0
1982	1	7	0
1982	1	8	0
1982	1	9	0
1982	1	10	0
1982	1	11	0
1982	1	12	0
1982	1	13	2,3
1982	1	14	0
1982	1	15	0
1982	1	16	4
1982	1	17	3,8
1982	1	18	0,4
1982	1	19	0
1982	1	20	0,1
1982	1	21	0
1982	1	22	0
1982	1	23	0
1982	1	24	0
1982	1	25	0
1982	1	26	1,3
1982	1	27	0
1982	1	28	4,8
1982	1	29	0
1982	1	30	0
1982	1	31	0
1982	2	1	0
1982	2	2	0
1982	2	3	0
1982	2	4	0
1982	2	5	0
1982	2	6	0
1982	2	7	0
1982	2	8	0
1982	2	9	0,1
1982	2	10	2,2
1982	2	11	0
1982	2	12	0
1982	2	13	0
1982	2	14	0,4
1982	2	15	3,4
1982	2	16	8,9
1982	2	17	0
1982	2	18	0
1982	2	19	0
1982	2	20	0
1982	2	21	0
1982	2	22	0
1982	2	23	3,8
1982	2	24	4,8
1982	2	25	0,9
1982	2	26	0
1982	2	27	0
1982	2	28	0
1982	12	1	0
1982	12	2	0
1982	12	3	4,7
1982	12	4	0
1982	12	5	0
1982	12	6	0
1982	12	7	0
1982	12	8	0,5
1982	12	9	0,2
1982	12	10	0
1982	12	11	0
1982	12	12	0
1982	12	13	3
1982	12	14	2,6
1982	12	15	0
1982	12	16	0
1982	12	17	0
1982	12	18	0
1982	12	19	0
1982	12	20	0
1982	12	21	0,3
1982	12	22	3,4
1982	12	23	1,7
1982	12	24	1,7
1982	12	25	0
1982	12	26	0
1982	12	27	0
1982	12	28	0
1982	12	29	0
1982	12	30	0
1982	12	31	0
1983	1	1	0
1983	1	2	0
1983	1	3	0
1983	1	4	0
1983	1	5	0
1983	1	6	0
1983	1	7	0
1983	1	8	0
1983	1	9	0
1983	1	10	0
1983	1	11	0
1983	1	12	0
1983	1	13	0
1983	1	14	0
1983	1	15	0
1983	1	16	0
1983	1	17	0
1983	1	18	0
1983	1	19	0
1983	1	20	0
1983	1	21	0
1983	1	22	0
1983	1	23	0
1983	1	24	0
1983	1	25	0
1983	1	26	0
1983	1	27	0
1983	1	28	0
1983	1	29	0
1983	1	30	0
1983	1	31	0
1983	2	1	0
1983	2	2	0
1983	2	3	0
1983	2	4	0
1983	2	5	0
1983	2	6	0,2
1983	2	7	0
1983	2	8	0,9
1983	2	9	3,9
1983	2	10	2,1
1983	2	11	0
1983	2	12	0
1983	2	13	1,4
1983	2	14	0
1983	2	15	0,4
1983	2	16	0
1983	2	17	0,2
1983	2	18	0,1
1983	2	19	0
1983	2	20	0
1983	2	21	0,1
1983	2	22	0
1983	2	23	0
1983	2	24	0
1983	2	25	0
1983	2	26	0
1983	2	27	0
1983	2	28	0
1983	12	1	0
1983	12	2	0
1983	12	3	0
1983	12	4	0
1983	12	5	0
1983	12	6	0
1983	12	7	0
1983	12	8	0
1983	12	9	0
1983	12	10	7,6
1983	12	11	0
1983	12	12	18
1983	12	13	3,7
1983	12	14	0
1983	12	15	0
1983	12	16	1,7
1983	12	17	2,5
1983	12	18	0
1983	12	19	0
1983	12	20	1,6
1983	12	21	2,6
1983	12	22	0
1983	12	23	0
1983	12	24	0
1983	12	25	0
1983	12	26	0
1983	12	27	0
1983	12	28	0,1
1983	12	29	0
1983	12	30	0
1983	12	31	0
1984	1	1	0
1984	1	2	0
1984	1	3	0
1984	1	4	13,2
1984	1	5	0
1984	1	6	0
1984	1	7	0
1984	1	8	0
1984	1	9	13,7
1984	1	10	0
1984	1	11	0
1984	1	12	0
1984	1	13	0
1984	1	14	0
1984	1	15	0
1984	1	16	0
1984	1	17	0
1984	1	18	0
1984	1	19	0
1984	1	20	0
1984	1	21	0
1984	1	22	0
1984	1	23	0
1984	1	24	0
1984	1	25	0
1984	1	26	0
1984	1	27	0,8
1984	1	28	0
1984	1	29	0
1984	1	30	0
1984	1	31	0
1984	2	1	0
1984	2	2	0,1
1984	2	3	0
1984	2	4	0
1984	2	5	0
1984	2	6	0,1
1984	2	7	0
1984	2	8	0
1984	2	9	0
1984	2	10	0
1984	2	11	0
1984	2	12	0
1984	2	13	0
1984	2	14	10
1984	2	15	0
1984	2	16	0
1984	2	17	0
1984	2	18	0
1984	2	19	0
1984	2	20	0
1984	2	21	0
1984	2	22	0
1984	2	23	16,3
1984	2	24	7,6
1984	2	25	0,4
1984	2	26	0
1984	2	27	0
1984	2	28	0
1984	2	29	0
1984	12	1	7,6
1984	12	2	0,1
1984	12	3	0
1984	12	4	0
1984	12	5	0
1984	12	6	0
1984	12	7	0
1984	12	8	0
1984	12	9	0
1984	12	10	0
1984	12	11	0
1984	12	12	0
1984	12	13	0
1984	12	14	0
1984	12	15	0
1984	12	16	0
1984	12	17	0
1984	12	18	0
1984	12	19	0
1984	12	20	0
1984	12	21	0
1984	12	22	0
1984	12	23	0
1984	12	24	0
1984	12	25	0
1984	12	26	0
1984	12	27	5,8
1984	12	28	1,8
1984	12	29	1,2
1984	12	30	0
1984	12	31	0
1985	1	1	0
1985	1	2	0
1985	1	3	0
1985	1	4	0
1985	1	5	4,4
1985	1	6	2,4
1985	1	7	12,7
1985	1	8	0
1985	1	9	0
1985	1	10	6,6
1985	1	11	0
1985	1	12	0,8
1985	1	13	0
1985	1	14	10,3
1985	1	15	9,9
1985	1	16	1,6
1985	1	17	0,3
1985	1	18	0,5
1985	1	19	0
1985	1	20	0
1985	1	21	0
1985	1	22	0
1985	1	23	0
1985	1	24	3,2
1985	1	25	0
1985	1	26	0
1985	1	27	0
1985	1	28	0
1985	1	29	0
1985	1	30	0
1985	1	31	0
1985	2	1	0
1985	2	2	0
1985	2	3	0
1985	2	4	0
1985	2	5	0
1985	2	6	0
1985	2	7	7,2
1985	2	8	0
1985	2	9	0
1985	2	10	0
1985	2	11	0
1985	2	12	0
1985	2	13	0
1985	2	14	0
1985	2	15	0
1985	2	16	0
1985	2	17	0
1985	2	18	0
1985	2	19	0
1985	2	20	0,8
1985	2	21	0
1985	2	22	0,1
1985	2	23	0
1985	2	24	0,3
1985	2	25	0
1985	2	26	0
1985	2	27	0
1985	2	28	0
1985	12	1	0
1985	12	2	0
1985	12	3	0
1985	12	4	0
1985	12	5	2,2
1985	12	6	0
1985	12	7	0
1985	12	8	5,6
1985	12	9	2,4
1985	12	10	0,3
1985	12	11	4,4
1985	12	12	1,2
1985	12	13	0
1985	12	14	5,5
1985	12	15	0
1985	12	16	0
1985	12	17	0
1985	12	18	0
1985	12	19	0
1985	12	20	0
1985	12	21	0
1985	12	22	0
1985	12	23	1,3
1985	12	24	0
1985	12	25	0
1985	12	26	0
1985	12	27	0
1985	12	28	0
1985	12	29	2,5
1985	12	30	0
1985	12	31	5,1
1986	1	1	0,4
1986	1	2	1,4
1986	1	3	3,8
1986	1	4	1,5
1986	1	5	0
1986	1	6	0
1986	1	7	2,6
1986	1	8	1,1
1986	1	9	0,2
1986	1	10	0
1986	1	11	0
1986	1	12	0
1986	1	13	0
1986	1	14	0
1986	1	15	0
1986	1	16	0
1986	1	17	0
1986	1	18	0
1986	1	19	0
1986	1	20	0
1986	1	21	0
1986	1	22	0,5
1986	1	23	0
1986	1	24	0
1986	1	25	0
1986	1	26	0
1986	1	27	0
1986	1	28	3,9
1986	1	29	0,1
1986	1	30	24,7
1986	1	31	4,5
1986	2	1	0
1986	2	2	4
1986	2	3	8,1
1986	2	4	1,3
1986	2	5	0
1986	2	6	3,1
1986	2	7	0,4
1986	2	8	10,2
1986	2	9	9,5
1986	2	10	0
1986	2	11	0,7
1986	2	12	0
1986	2	13	0
1986	2	14	0
1986	2	15	0
1986	2	16	0
1986	2	17	0
1986	2	18	3,2
1986	2	19	0
1986	2	20	0
1986	2	21	0
1986	2	22	0
1986	2	23	0
1986	2	24	0
1986	2	25	0
1986	2	26	0
1986	2	27	0
1986	2	28	0
1986	12	1	0
1986	12	2	0
1986	12	3	0
1986	12	4	0
1986	12	5	0
1986	12	6	0
1986	12	7	0
1986	12	8	0
1986	12	9	0
1986	12	10	0
1986	12	11	0
1986	12	12	0
1986	12	13	0,2
1986	12	14	0,6
1986	12	15	0
1986	12	16	0
1986	12	17	0
1986	12	18	0
1986	12	19	0
1986	12	20	0
1986	12	21	0
1986	12	22	14,3
1986	12	23	1,4
1986	12	24	1,9
1986	12	25	0
1986	12	26	0
1986	12	27	0
1986	12	28	0
1986	12	29	0
1986	12	30	0
1986	12	31	0
1987	1	1	0
1987	1	2	0
1987	1	3	0
1987	1	4	0
1987	1	5	0
1987	1	6	0
1987	1	7	0
1987	1	8	0
1987	1	9	0,1
1987	1	10	1,6
1987	1	11	0
1987	1	12	0
1987	1	13	3,7
1987	1	14	0
1987	1	15	14,8
1987	1	16	0
1987	1	17	0
1987	1	18	0
1987	1	19	0
1987	1	20	0
1987	1	21	0
1987	1	22	0
1987	1	23	0
1987	1	24	0
1987	1	25	0
1987	1	26	0,1
1987	1	27	0
1987	1	28	3,3
1987	1	29	2,7
1987	1	30	4,9
1987	1	31	2,2
1987	2	1	0
1987	2	2	0
1987	2	3	1,5
1987	2	4	7,3
1987	2	5	2,8
1987	2	6	0
1987	2	7	0
1987	2	8	0
1987	2	9	0
1987	2	10	0,2
1987	2	11	2,5
1987	2	12	2,4
1987	2	13	2,3
1987	2	14	0,4
1987	2	15	0
1987	2	16	0
1987	2	17	0
1987	2	18	6,4
1987	2	19	0,2
1987	2	20	0
1987	2	21	5,2
1987	2	22	6,5
1987	2	23	0
1987	2	24	0
1987	2	25	0,3
1987	2	26	0
1987	2	27	0
1987	2	28	0
1987	12	1	0
1987	12	2	0
1987	12	3	0
1987	12	4	1,9
1987	12	5	0
1987	12	6	0
1987	12	7	0,2
1987	12	8	0
1987	12	9	0,3
1987	12	10	0
1987	12	11	0
1987	12	12	0
1987	12	13	0
1987	12	14	0
1987	12	15	0
1987	12	16	0
1987	12	17	0
1987	12	18	0
1987	12	19	0,1
1987	12	20	0
1987	12	21	0
1987	12	22	0
1987	12	23	0
1987	12	24	1
1987	12	25	0
1987	12	26	0
1987	12	27	0
1987	12	28	0
1987	12	29	0
1987	12	30	0
1987	12	31	16,6
1988	1	1	0,8
1988	1	2	0
1988	1	3	0
1988	1	4	0
1988	1	5	0
1988	1	6	0,5
1988	1	7	0,2
1988	1	8	0
1988	1	9	0
1988	1	10	0
1988	1	11	0
1988	1	12	0,1
1988	1	13	0,1
1988	1	14	1,4
1988	1	15	0
1988	1	16	2,2
1988	1	17	1,3
1988	1	18	0,3
1988	1	19	0,7
1988	1	20	0,1
1988	1	21	0
1988	1	22	0
1988	1	23	0
1988	1	24	0
1988	1	25	0
1988	1	26	0
1988	1	27	0
1988	1	28	0
1988	1	29	0
1988	1	30	0
1988	1	31	0
1988	2	1	0
1988	2	2	0
1988	2	3	4,4
1988	2	4	0
1988	2	5	0
1988	2	6	2
1988	2	7	4,5
1988	2	8	0
1988	2	9	0
1988	2	10	0
1988	2	11	0
1988	2	12	0
1988	2	13	0
1988	2	14	0
1988	2	15	0
1988	2	16	0
1988	2	17	0
1988	2	18	0
1988	2	19	0
1988	2	20	0
1988	2	21	4,9
1988	2	22	3
1988	2	23	0
1988	2	24	0
1988	2	25	0
1988	2	26	0
1988	2	27	0,9
1988	2	28	0
1988	2	29	0
1988	12	1	3,9
1988	12	2	0
1988	12	3	0
1988	12	4	0
1988	12	5	0
1988	12	6	0
1988	12	7	0,1
1988	12	8	0
1988	12	9	0
1988	12	10	0
1988	12	11	0
1988	12	12	0
1988	12	13	1,3
1988	12	14	0
1988	12	15	0
1988	12	16	0
1988	12	17	0
1988	12	18	0
1988	12	19	0
1988	12	20	0
1988	12	21	0
1988	12	22	0
1988	12	23	0
1988	12	24	0
1988	12	25	0
1988	12	26	0
1988	12	27	0
1988	12	28	0
1988	12	29	0
1988	12	30	0
1988	12	31	0
1989	1	1	0
1989	1	2	0
1989	1	3	0
1989	1	4	0
1989	1	5	0
1989	1	6	0
1989	1	7	0
1989	1	8	0
1989	1	9	0
1989	1	10	0
1989	1	11	0
1989	1	12	0
1989	1	13	0
1989	1	14	0
1989	1	15	0,3
1989	1	16	1,5
1989	1	17	0
1989	1	18	0
1989	1	19	0
1989	1	20	0
1989	1	21	0
1989	1	22	0
1989	1	23	0
1989	1	24	0
1989	1	25	0
1989	1	26	0
1989	1	27	9,6
1989	1	28	2,7
1989	1	29	0
1989	1	30	0
1989	1	31	0
1989	2	1	0
1989	2	2	0
1989	2	3	0
1989	2	4	0
1989	2	5	0,8
1989	2	6	3,7
1989	2	7	0
1989	2	8	1,8
1989	2	9	0
1989	2	10	8,7
1989	2	11	0
1989	2	12	1,1
1989	2	13	0
1989	2	14	0
1989	2	15	0
1989	2	16	0
1989	2	17	0
1989	2	18	0
1989	2	19	0
1989	2	20	0
1989	2	21	0
1989	2	22	0,8
1989	2	23	2,6
1989	2	24	8,1
1989	2	25	0
1989	2	26	0
1989	2	27	0
1989	2	28	0
1989	12	1	0
1989	12	2	0
1989	12	3	0,7
1989	12	4	3
1989	12	5	0
1989	12	6	0
1989	12	7	0
1989	12	8	0
1989	12	9	0
1989	12	10	3
1989	12	11	0,2
1989	12	12	0
1989	12	13	0
1989	12	14	0
1989	12	15	0
1989	12	16	0
1989	12	17	0
1989	12	18	0
1989	12	19	0
1989	12	20	0
1989	12	21	0
1989	12	22	0
1989	12	23	0
1989	12	24	0
1989	12	25	0,8
1989	12	26	0,5
1989	12	27	0
1989	12	28	0
1989	12	29	0
1989	12	30	0
1989	12	31	18,8
1990	1	1	0
1990	1	2	0
1990	1	3	3,3
1990	1	4	2,9
1990	1	5	0,3
1990	1	6	0
1990	1	7	0
1990	1	8	0
1990	1	9	0
1990	1	10	0
1990	1	11	3
1990	1	12	0,4
1990	1	13	4,7
1990	1	14	14,1
1990	1	15	4,4
1990	1	16	0
1990	1	17	0,5
1990	1	18	0,3
1990	1	19	0
1990	1	20	0,1
1990	1	21	1,3
1990	1	22	0
1990	1	23	0
1990	1	24	0
1990	1	25	0
1990	1	26	0
1990	1	27	0
1990	1	28	0,6
1990	1	29	0
1990	1	30	0
1990	1	31	1,4
1990	2	1	0
1990	2	2	0
1990	2	3	0
1990	2	4	0
1990	2	5	0
1990	2	6	0
1990	2	7	0
1990	2	8	0
1990	2	9	0
1990	2	10	0
1990	2	11	0
1990	2	12	0
1990	2	13	0
1990	2	14	0
1990	2	15	0
1990	2	16	0
1990	2	17	0
1990	2	18	0
1990	2	19	0
1990	2	20	0
1990	2	21	0
1990	2	22	0
1990	2	23	0
1990	2	24	0
1990	2	25	0
1990	2	26	0
1990	2	27	0
1990	2	28	0
1990	12	1	0
1990	12	2	0
1990	12	3	0
1990	12	4	0,7
1990	12	5	2,3
1990	12	6	0,5
1990	12	7	0
1990	12	8	16
1990	12	9	2,1
1990	12	10	2
1990	12	11	0
1990	12	12	0,1
1990	12	13	0
1990	12	14	0
1990	12	15	0
1990	12	16	0,5
1990	12	17	0
1990	12	18	0
1990	12	19	0,2
1990	12	20	0
1990	12	21	0
1990	12	22	0,2
1990	12	23	0,1
1990	12	24	0
1990	12	25	2,8
1990	12	26	4,1
1990	12	27	0
1990	12	28	0
1990	12	29	0
1990	12	30	0
1990	12	31	0
1991	1	1	0
1991	1	2	0
1991	1	3	0
1991	1	4	1,4
1991	1	5	0
1991	1	6	0
1991	1	7	0
1991	1	8	0
1991	1	9	0
1991	1	10	0
1991	1	11	0
1991	1	12	0,4
1991	1	13	1,7
1991	1	14	0
1991	1	15	0
1991	1	16	0
1991	1	17	0
1991	1	18	0
1991	1	19	0
1991	1	20	0
1991	1	21	0
1991	1	22	0,2
1991	1	23	0
1991	1	24	0
1991	1	25	20,2
1991	1	26	0
1991	1	27	0
1991	1	28	0
1991	1	29	0
1991	1	30	0
1991	1	31	0
1991	2	1	0,2
1991	2	2	2,2
1991	2	3	0
1991	2	4	0,6
1991	2	5	0
1991	2	6	0
1991	2	7	0,5
1991	2	8	0
1991	2	9	0
1991	2	10	0
1991	2	11	0
1991	2	12	4,4
1991	2	13	1,4
1991	2	14	1,1
1991	2	15	0
1991	2	16	0
1991	2	17	0
1991	2	18	8,7
1991	2	19	23
1991	2	20	6,9
1991	2	21	0
1991	2	22	0
1991	2	23	0
1991	2	24	0
1991	2	25	6,6
1991	2	26	0,3
1991	2	27	0
1991	2	28	7,2
1991	12	1	0
1991	12	2	0
1991	12	3	0
1991	12	4	0
1991	12	5	0
1991	12	6	0
1991	12	7	0
1991	12	8	0,4
1991	12	9	5,9
1991	12	10	0,1
1991	12	11	0
1991	12	12	0,2
1991	12	13	0
1991	12	14	0
1991	12	15	5
1991	12	16	1
1991	12	17	0
1991	12	18	0
1991	12	19	0
1991	12	20	0
1991	12	21	0
1991	12	22	0
1991	12	23	0
1991	12	24	0
1991	12	25	0
1991	12	26	0
1991	12	27	0
1991	12	28	0
1991	12	29	0
1991	12	30	0
1991	12	31	0
1992	1	1	0
1992	1	2	0
1992	1	3	0
1992	1	4	0
1992	1	5	0
1992	1	6	0
1992	1	7	0
1992	1	8	0
1992	1	9	0
1992	1	10	0
1992	1	11	0
1992	1	12	0
1992	1	13	0
1992	1	14	0
1992	1	15	0,4
1992	1	16	0
1992	1	17	0
1992	1	18	0
1992	1	19	0
1992	1	20	0
1992	1	21	0
1992	1	22	0
1992	1	23	2,1
1992	1	24	0
1992	1	25	0
1992	1	26	0
1992	1	27	1,1
1992	1	28	0
1992	1	29	0
1992	1	30	0,1
1992	1	31	0
1992	2	1	0
1992	2	2	0
1992	2	3	0
1992	2	4	0
1992	2	5	0
1992	2	6	0
1992	2	7	0
1992	2	8	0
1992	2	9	0
1992	2	10	0
1992	2	11	0
1992	2	12	0
1992	2	13	0
1992	2	14	0
1992	2	15	0
1992	2	16	0
1992	2	17	0
1992	2	18	0
1992	2	19	1,2
1992	2	20	0,1
1992	2	21	5,2
1992	2	22	0
1992	2	23	1,3
1992	2	24	4
1992	2	25	0
1992	2	26	0
1992	2	27	0
1992	2	28	0
1992	2	29	0
1992	12	1	0
1992	12	2	0
1992	12	3	0
1992	12	4	0
1992	12	5	0
1992	12	6	0
1992	12	7	0
1992	12	8	0
1992	12	9	0
1992	12	10	0
1992	12	11	0
1992	12	12	0
1992	12	13	0
1992	12	14	0
1992	12	15	0
1992	12	16	4,2
1992	12	17	0
1992	12	18	0
1992	12	19	0
1992	12	20	0
1992	12	21	0
1992	12	22	0
1992	12	23	0
1992	12	24	2,1
1992	12	25	0,2
1992	12	26	8,7
1992	12	27	0
1992	12	28	0,3
1992	12	29	0
1992	12	30	0
1992	12	31	0
1993	1	1	0
1993	1	2	0,9
1993	1	3	0
1993	1	4	0
1993	1	5	0
1993	1	6	0
1993	1	7	0
1993	1	8	0
1993	1	9	0
1993	1	10	0
1993	1	11	0
1993	1	12	0
1993	1	13	0
1993	1	14	0
1993	1	15	0
1993	1	16	0
1993	1	17	0
1993	1	18	0
1993	1	19	0
1993	1	20	0
1993	1	21	0
1993	1	22	0
1993	1	23	0
1993	1	24	0
1993	1	25	0
1993	1	26	0
1993	1	27	0
1993	1	28	0
1993	1	29	0
1993	1	30	0
1993	1	31	2,3
1993	2	1	0
1993	2	2	0
1993	2	3	0
1993	2	4	0
1993	2	5	0
1993	2	6	0
1993	2	7	0
1993	2	8	0
1993	2	9	0
1993	2	10	0
1993	2	11	1
1993	2	12	0
1993	2	13	0
1993	2	14	0
1993	2	15	0
1993	2	16	0
1993	2	17	0
1993	2	18	0
1993	2	19	0
1993	2	20	0
1993	2	21	0
1993	2	22	0
1993	2	23	0
1993	2	24	0
1993	2	25	0
1993	2	26	1,1
1993	2	27	50,7
1993	2	28	24,1
1993	12	1	0,3
1993	12	2	0
1993	12	3	0
1993	12	4	0
1993	12	5	0
1993	12	6	0
1993	12	7	0
1993	12	8	0
1993	12	9	0
1993	12	10	0
1993	12	11	0
1993	12	12	0
1993	12	13	1,3
1993	12	14	0
1993	12	15	0
1993	12	16	0
1993	12	17	0
1993	12	18	0
1993	12	19	0
1993	12	20	0
1993	12	21	0
1993	12	22	0
1993	12	23	0
1993	12	24	0
1993	12	25	0
1993	12	26	0
1993	12	27	0
1993	12	28	0
1993	12	29	0
1993	12	30	0
1993	12	31	0
1994	1	1	0
1994	1	2	0
1994	1	3	0
1994	1	4	0,5
1994	1	5	0
1994	1	6	3,7
1994	1	7	0,1
1994	1	8	0
1994	1	9	0
1994	1	10	3,9
1994	1	11	0
1994	1	12	0
1994	1	13	0
1994	1	14	0
1994	1	15	0
1994	1	16	0
1994	1	17	0,9
1994	1	18	5,9
1994	1	19	20,7
1994	1	20	11,7
1994	1	21	0,4
1994	1	22	0
1994	1	23	0,3
1994	1	24	0
1994	1	25	0
1994	1	26	0
1994	1	27	0
1994	1	28	0
1994	1	29	0
1994	1	30	0
1994	1	31	0
1994	2	1	0
1994	2	2	0
1994	2	3	3,2
1994	2	4	11,8
1994	2	5	1,2
1994	2	6	0
1994	2	7	0,6
1994	2	8	0
1994	2	9	0
1994	2	10	0
1994	2	11	0
1994	2	12	0
1994	2	13	0
1994	2	14	0
1994	2	15	0
1994	2	16	9,6
1994	2	17	13
1994	2	18	0
1994	2	19	0
1994	2	20	0
1994	2	21	0
1994	2	22	0
1994	2	23	0
1994	2	24	0
1994	2	25	0
1994	2	26	0
1994	2	27	2,3
1994	2	28	0
1994	12	1	0
1994	12	2	0
1994	12	3	0
1994	12	4	0
1994	12	5	0
1994	12	6	0
1994	12	7	0
1994	12	8	0
1994	12	9	0
1994	12	10	0
1994	12	11	0
1994	12	12	0
1994	12	13	0
1994	12	14	0
1994	12	15	0
1994	12	16	0
1994	12	17	0
1994	12	18	0
1994	12	19	1,9
1994	12	20	0
1994	12	21	0
1994	12	22	2,2
1994	12	23	6,1
1994	12	24	0
1994	12	25	0
1994	12	26	0
1994	12	27	0
1994	12	28	0
1994	12	29	0
1994	12	30	0
1994	12	31	0
1995	1	1	0,2
1995	1	2	0,5
1995	1	3	0
1995	1	4	0
1995	1	5	0
1995	1	6	4,7
1995	1	7	1,6
1995	1	8	0
1995	1	9	0
1995	1	10	0
1995	1	11	0
1995	1	12	1,3
1995	1	13	0
1995	1	14	0
1995	1	15	0
1995	1	16	0
1995	1	17	0
1995	1	18	0
1995	1	19	0
1995	1	20	0,2
1995	1	21	0
1995	1	22	0
1995	1	23	0
1995	1	24	0
1995	1	25	0
1995	1	26	0
1995	1	27	0
1995	1	28	0
1995	1	29	0
1995	1	30	0
1995	1	31	0
1995	2	1	0
1995	2	2	0
1995	2	3	0
1995	2	4	0
1995	2	5	0
1995	2	6	0
1995	2	7	0
1995	2	8	0
1995	2	9	0
1995	2	10	0
1995	2	11	0
1995	2	12	0
1995	2	13	0
1995	2	14	0
1995	2	15	0
1995	2	16	0
1995	2	17	0
1995	2	18	0
1995	2	19	0
1995	2	20	0
1995	2	21	0
1995	2	22	0
1995	2	23	0
1995	2	24	0
1995	2	25	0
1995	2	26	0,4
1995	2	27	20,6
1995	2	28	28,2
1995	12	1	0
1995	12	2	1
1995	12	3	0
1995	12	4	1,7
1995	12	5	0
1995	12	6	0
1995	12	7	0
1995	12	8	0,3
1995	12	9	0
1995	12	10	0
1995	12	11	0
1995	12	12	0
1995	12	13	0
1995	12	14	0
1995	12	15	0
1995	12	16	4,8
1995	12	17	0
1995	12	18	0
1995	12	19	1,8
1995	12	20	0
1995	12	21	0
1995	12	22	0
1995	12	23	0
1995	12	24	0
1995	12	25	0
1995	12	26	0
1995	12	27	4,5
1995	12	28	0
1995	12	29	0,2
1995	12	30	0,2
1995	12	31	0
1996	1	1	0
1996	1	2	0
1996	1	3	0
1996	1	4	0
1996	1	5	0
1996	1	6	0
1996	1	7	4,8
1996	1	8	0
1996	1	9	0
1996	1	10	8,1
1996	1	11	11,2
1996	1	12	4,8
1996	1	13	0
1996	1	14	0
1996	1	15	0
1996	1	16	0
1996	1	17	6,7
1996	1	18	0
1996	1	19	0
1996	1	20	0
1996	1	21	0
1996	1	22	0,1
1996	1	23	0
1996	1	24	0,5
1996	1	25	1,2
1996	1	26	0
1996	1	27	0
1996	1	28	0
1996	1	29	0
1996	1	30	0
1996	1	31	4,1
1996	2	1	0
1996	2	2	0
1996	2	3	10,6
1996	2	4	6,5
1996	2	5	2,1
1996	2	6	0
1996	2	7	0
1996	2	8	0
1996	2	9	0
1996	2	10	0
1996	2	11	0
1996	2	12	0
1996	2	13	0
1996	2	14	0
1996	2	15	1,8
1996	2	16	0,2
1996	2	17	0
1996	2	18	0
1996	2	19	0,5
1996	2	20	0,4
1996	2	21	0,5
1996	2	22	1,4
1996	2	23	0
1996	2	24	0,1
1996	2	25	8,7
1996	2	26	1
1996	2	27	8,1
1996	2	28	0,8
1996	2	29	0
1996	12	1	0
1996	12	2	0
1996	12	3	0
1996	12	4	0
1996	12	5	0,3
1996	12	6	0
1996	12	7	1,9
1996	12	8	0,4
1996	12	9	9,7
1996	12	10	0
1996	12	11	0
1996	12	12	0
1996	12	13	0,3
1996	12	14	0,3
1996	12	15	1,1
1996	12	16	1,6
1996	12	17	0
1996	12	18	2,3
1996	12	19	0,1
1996	12	20	0
1996	12	21	0
1996	12	22	0
1996	12	23	0
1996	12	24	1
1996	12	25	0
1996	12	26	0
1996	12	27	0
1996	12	28	0
1996	12	29	0
1996	12	30	0
1996	12	31	0
1997	1	1	0
1997	1	2	0
1997	1	3	0,9
1997	1	4	0
1997	1	5	0
1997	1	6	0,2
1997	1	7	0
1997	1	8	0,1
1997	1	9	4,5
1997	1	10	0
1997	1	11	0
1997	1	12	0
1997	1	13	0
1997	1	14	0
1997	1	15	0
1997	1	16	0,2
1997	1	17	1
1997	1	18	0
1997	1	19	0
1997	1	20	0
1997	1	21	0
1997	1	22	0,8
1997	1	23	11,4
1997	1	24	14,7
1997	1	25	1,4
1997	1	26	0
1997	1	27	0
1997	1	28	0
1997	1	29	0
1997	1	30	0
1997	1	31	0
1997	2	1	0
1997	2	2	0
1997	2	3	0
1997	2	4	0
1997	2	5	0
1997	2	6	0
1997	2	7	0
1997	2	8	0
1997	2	9	0
1997	2	10	0
1997	2	11	0
1997	2	12	0
1997	2	13	0
1997	2	14	0
1997	2	15	0
1997	2	16	0
1997	2	17	0
1997	2	18	0
1997	2	19	0
1997	2	20	0
1997	2	21	0
1997	2	22	0
1997	2	23	0
1997	2	24	0
1997	2	25	0
1997	2	26	0
1997	2	27	0
1997	2	28	0
1997	12	1	0
1997	12	2	0
1997	12	3	0
1997	12	4	8,3
1997	12	5	20,8
1997	12	6	4,6
1997	12	7	0
1997	12	8	0
1997	12	9	0
1997	12	10	0
1997	12	11	0
1997	12	12	11,6
1997	12	13	0
1997	12	14	0
1997	12	15	0
1997	12	16	0
1997	12	17	0
1997	12	18	0
1997	12	19	2,5
1997	12	20	0
1997	12	21	0
1997	12	22	4,1
1997	12	23	0
1997	12	24	0
1997	12	25	0
1997	12	26	0
1997	12	27	0
1997	12	28	0
1997	12	29	0
1997	12	30	0,2
1997	12	31	2
1998	1	1	0,4
1998	1	2	0
1998	1	3	0
1998	1	4	0
1998	1	5	0
1998	1	6	0
1998	1	7	0
1998	1	8	0
1998	1	9	0
1998	1	10	0
1998	1	11	0
1998	1	12	0
1998	1	13	1
1998	1	14	0
1998	1	15	0
1998	1	16	0
1998	1	17	0
1998	1	18	0
1998	1	19	0
1998	1	20	0
1998	1	21	0
1998	1	22	0
1998	1	23	1,7
1998	1	24	9,2
1998	1	25	1,6
1998	1	26	0
1998	1	27	0
1998	1	28	0,6
1998	1	29	0,1
1998	1	30	0
1998	1	31	0
1998	2	1	0
1998	2	2	12,1
1998	2	3	4,7
1998	2	4	0
1998	2	5	0,2
1998	2	6	16
1998	2	7	0,3
1998	2	8	0,5
1998	2	9	0
1998	2	10	1,4
1998	2	11	0
1998	2	12	0
1998	2	13	0
1998	2	14	0
1998	2	15	0
1998	2	16	0
1998	2	17	0
1998	2	18	0
1998	2	19	0
1998	2	20	0
1998	2	21	0
1998	2	22	0
1998	2	23	0
1998	2	24	0
1998	2	25	0
1998	2	26	0
1998	2	27	0
1998	2	28	0
1998	12	1	0
1998	12	2	0
1998	12	3	0
1998	12	4	0
1998	12	5	0
1998	12	6	0
1998	12	7	0
1998	12	8	0
1998	12	9	0
1998	12	10	0
1998	12	11	0
1998	12	12	0
1998	12	13	0
1998	12	14	0
1998	12	15	0
1998	12	16	0
1998	12	17	0
1998	12	18	0
1998	12	19	0
1998	12	20	0
1998	12	21	0
1998	12	22	0
1998	12	23	0
1998	12	24	0
1998	12	25	0
1998	12	26	0
1998	12	27	0
1998	12	28	0
1998	12	29	0
1998	12	30	0
1998	12	31	9,8
1999	1	1	7,2
1999	1	2	0
1999	1	3	0
1999	1	4	0
1999	1	5	0
1999	1	6	0
1999	1	7	0
1999	1	8	0
1999	1	9	2,4
1999	1	10	0
1999	1	11	0
1999	1	12	0
1999	1	13	0
1999	1	14	7,8
1999	1	15	9
1999	1	16	0
1999	1	17	5,1
1999	1	18	0
1999	1	19	0
1999	1	20	0
1999	1	21	0
1999	1	22	0,6
1999	1	23	0
1999	1	24	3,8
1999	1	25	0
1999	1	26	0
1999	1	27	0
1999	1	28	0
1999	1	29	0
1999	1	30	0
1999	1	31	3,4
1999	2	1	0
1999	2	2	3,3
1999	2	3	0
1999	2	4	0
1999	2	5	0
1999	2	6	0
1999	2	7	0
1999	2	8	0
1999	2	9	0
1999	2	10	0,4
1999	2	11	0
1999	2	12	0
1999	2	13	3,1
1999	2	14	5,3
1999	2	15	0,1
1999	2	16	1,6
1999	2	17	0
1999	2	18	0
1999	2	19	0
1999	2	20	0
1999	2	21	0
1999	2	22	0
1999	2	23	0
1999	2	24	0
1999	2	25	0
1999	2	26	0,2
1999	2	27	0
1999	2	28	28,5
1999	12	1	0
1999	12	2	0
1999	12	3	0
1999	12	4	0,4
1999	12	5	1
1999	12	6	0
1999	12	7	0
1999	12	8	0
1999	12	9	0
1999	12	10	0
1999	12	11	0
1999	12	12	0
1999	12	13	0
1999	12	14	0
1999	12	15	0,4
1999	12	16	22
1999	12	17	18,1
1999	12	18	0,1
1999	12	19	0
1999	12	20	0,1
1999	12	21	0
1999	12	22	0
1999	12	23	0
1999	12	24	0
1999	12	25	0
1999	12	26	0
1999	12	27	0
1999	12	28	0
1999	12	29	4,6
1999	12	30	0,6
1999	12	31	0
2000	1	1	0
2000	1	2	0
2000	1	3	0
2000	1	4	0
2000	1	5	0
2000	1	6	0
2000	1	7	0
2000	1	8	0
2000	1	9	2,8
2000	1	10	0
2000	1	11	0
2000	1	12	0
2000	1	13	0
2000	1	14	0
2000	1	15	0
2000	1	16	0
2000	1	17	0
2000	1	18	0
2000	1	19	0
2000	1	20	0
2000	1	21	0
2000	1	22	0
2000	1	23	0
2000	1	24	0
2000	1	25	0
2000	1	26	0
2000	1	27	0
2000	1	28	0
2000	1	29	0
2000	1	30	0
2000	1	31	0
2000	2	1	0
2000	2	2	0
2000	2	3	0
2000	2	4	0
2000	2	5	0
2000	2	6	0
2000	2	7	0
2000	2	8	0
2000	2	9	0
2000	2	10	0
2000	2	11	0
2000	2	12	0
2000	2	13	0
2000	2	14	0
2000	2	15	0
2000	2	16	0
2000	2	17	0
2000	2	18	0
2000	2	19	0
2000	2	20	0
2000	2	21	0
2000	2	22	0
2000	2	23	0
2000	2	24	0
2000	2	25	0
2000	2	26	0
2000	2	27	0
2000	2	28	0
2000	2	29	0
2000	12	1	0
2000	12	2	2,4
2000	12	3	0
2000	12	4	0
2000	12	5	0
2000	12	6	0
2000	12	7	0
2000	12	8	0
2000	12	9	0,4
2000	12	10	0
2000	12	11	0
2000	12	12	0
2000	12	13	0
2000	12	14	0
2000	12	15	0
2000	12	16	0
2000	12	17	0
2000	12	18	0
2000	12	19	0
2000	12	20	4,5
2000	12	21	0
2000	12	22	0
2000	12	23	0
2000	12	24	1,8
2000	12	25	0
2000	12	26	10,8
2000	12	27	1
2000	12	28	0
2000	12	29	0
2000	12	30	0
2000	12	31	0
2001	1	1	0
2001	1	2	0
2001	1	3	0
2001	1	4	0
2001	1	5	0
2001	1	6	0,4
2001	1	7	0
2001	1	8	0
2001	1	9	0
2001	1	10	0
2001	1	11	0
2001	1	12	3
2001	1	13	6,2
2001	1	14	2
2001	1	15	0
2001	1	16	0
2001	1	17	0
2001	1	18	0
2001	1	19	0,4
2001	1	20	0
2001	1	21	0
2001	1	22	0
2001	1	23	0
2001	1	24	0
2001	1	25	11,1
2001	1	26	0
2001	1	27	3,2
2001	1	28	5,6
2001	1	29	0
2001	1	30	0
2001	1	31	0
2001	2	1	0
2001	2	2	0
2001	2	3	0
2001	2	4	0
2001	2	5	0
2001	2	6	0
2001	2	7	0
2001	2	8	2,4
2001	2	9	0
2001	2	10	0
2001	2	11	0
2001	2	12	0
2001	2	13	0
2001	2	14	8,1
2001	2	15	1,1
2001	2	16	0
2001	2	17	0,1
2001	2	18	0
2001	2	19	0
2001	2	20	0
2001	2	21	0
2001	2	22	0
2001	2	23	0,4
2001	2	24	0,9
2001	2	25	0
2001	2	26	4,5
2001	2	27	4,2
2001	2	28	3,9
2001	12	1	0
2001	12	2	0
2001	12	3	0
2001	12	4	0
2001	12	5	0
2001	12	6	0
2001	12	7	0
2001	12	8	0
2001	12	9	0
2001	12	10	0
2001	12	11	1,2
2001	12	12	1,6
2001	12	13	0,1
2001	12	14	0
2001	12	15	0
2001	12	16	5
2001	12	17	2
2001	12	18	13,4
2001	12	19	0
2001	12	20	0
2001	12	21	0
2001	12	22	0
2001	12	23	2
2001	12	24	1,7
2001	12	25	4,1
2001	12	26	0
2001	12	27	0
2001	12	28	0
2001	12	29	0
2001	12	30	0
2001	12	31	0
2002	1	1	0
2002	1	2	0
2002	1	3	0
2002	1	4	0
2002	1	5	0
2002	1	6	0
2002	1	7	0
2002	1	8	0
2002	1	9	0
2002	1	10	0
2002	1	11	0
2002	1	12	0
2002	1	13	0
2002	1	14	0
2002	1	15	0
2002	1	16	0
2002	1	17	0
2002	1	18	3,8
2002	1	19	0
2002	1	20	0
2002	1	21	0
2002	1	22	0
2002	1	23	0
2002	1	24	0
2002	1	25	0
2002	1	26	0
2002	1	27	0
2002	1	28	0
2002	1	29	0
2002	1	30	0
2002	1	31	0
2002	2	1	0
2002	2	2	0
2002	2	3	0
2002	2	4	0
2002	2	5	0
2002	2	6	0
2002	2	7	0
2002	2	8	0
2002	2	9	0
2002	2	10	0
2002	2	11	0
2002	2	12	0
2002	2	13	0
2002	2	14	0
2002	2	15	0
2002	2	16	0
2002	2	17	0,5
2002	2	18	0,8
2002	2	19	1,7
2002	2	20	0
2002	2	21	0
2002	2	22	0
2002	2	23	0
2002	2	24	0
2002	2	25	0
2002	2	26	0
2002	2	27	0
2002	2	28	0
2002	12	1	0
2002	12	2	0
2002	12	3	0
2002	12	4	0
2002	12	5	6,1
2002	12	6	0,1
2002	12	7	0
2002	12	8	0
2002	12	9	0
2002	12	10	0
2002	12	11	0,1
2002	12	12	0
2002	12	13	0
2002	12	14	0
2002	12	15	0
2002	12	16	0
2002	12	17	0
2002	12	18	0
2002	12	19	6,2
2002	12	20	0,1
2002	12	21	0
2002	12	22	0
2002	12	23	0
2002	12	24	0
2002	12	25	0
2002	12	26	0
2002	12	27	2
2002	12	28	2,1
2002	12	29	0
2002	12	30	0
2002	12	31	0
2003	1	1	0
2003	1	2	0
2003	1	3	0
2003	1	4	0
2003	1	5	0
2003	1	6	1,2
2003	1	7	0
2003	1	8	4,3
2003	1	9	2,7
2003	1	10	25,8
2003	1	11	0
2003	1	12	0
2003	1	13	0
2003	1	14	4,7
2003	1	15	1,7
2003	1	16	7,1
2003	1	17	0
2003	1	18	0
2003	1	19	0
2003	1	20	0
2003	1	21	0
2003	1	22	2,6
2003	1	23	0
2003	1	24	0
2003	1	25	0
2003	1	26	0
2003	1	27	0
2003	1	28	0
2003	1	29	7,4
2003	1	30	0,1
2003	1	31	15,8
2003	2	1	0
2003	2	2	0
2003	2	3	0
2003	2	4	0
2003	2	5	0
2003	2	6	0
2003	2	7	0
2003	2	8	28,3
2003	2	9	0,7
2003	2	10	0
2003	2	11	0
2003	2	12	0
2003	2	13	1
2003	2	14	0
2003	2	15	29,3
2003	2	16	9,6
2003	2	17	0
2003	2	18	0
2003	2	19	0
2003	2	20	1
2003	2	21	0
2003	2	22	0
2003	2	23	0
2003	2	24	0
2003	2	25	3,8
2003	2	26	3,5
2003	2	27	0,4
2003	2	28	0
2003	12	1	3,8
2003	12	2	1,9
2003	12	3	2,6
2003	12	4	0
2003	12	5	0
2003	12	6	0
2003	12	7	0
2003	12	8	0,8
2003	12	9	17
2003	12	10	17,7
2003	12	11	0
2003	12	12	0
2003	12	13	0
2003	12	14	0
2003	12	15	0
2003	12	16	0
2003	12	17	0
2003	12	18	0
2003	12	19	0
2003	12	20	0
2003	12	21	0
2003	12	22	0
2003	12	23	0
2003	12	24	0
2003	12	25	0
2003	12	26	0
2003	12	27	0
2003	12	28	0,7
2003	12	29	0
2003	12	30	0
2003	12	31	0
2004	1	1	0
2004	1	2	0,3
2004	1	3	1,7
2004	1	4	0
2004	1	5	0
2004	1	6	0
2004	1	7	0
2004	1	8	0
2004	1	9	0
2004	1	10	0
2004	1	11	0
2004	1	12	0
2004	1	13	0
2004	1	14	0
2004	1	15	0
2004	1	16	0
2004	1	17	0
2004	1	18	10,7
2004	1	19	0,2
2004	1	20	1,5
2004	1	21	0
2004	1	22	0
2004	1	23	0
2004	1	24	0
2004	1	25	0
2004	1	26	0
2004	1	27	0
2004	1	28	9,5
2004	1	29	0
2004	1	30	0,1
2004	1	31	0
2004	2	1	0
2004	2	2	0
2004	2	3	0
2004	2	4	0
2004	2	5	0
2004	2	6	0
2004	2	7	0
2004	2	8	0,1
2004	2	9	0,2
2004	2	10	0
2004	2	11	0
2004	2	12	0
2004	2	13	0
2004	2	14	0
2004	2	15	0
2004	2	16	0
2004	2	17	0
2004	2	18	0
2004	2	19	0
2004	2	20	10,5
2004	2	21	0
2004	2	22	0
2004	2	23	0
2004	2	24	0
2004	2	25	0
2004	2	26	0,1
2004	2	27	3
2004	2	28	0
2004	2	29	0
2004	12	1	0,1
2004	12	2	0
2004	12	3	0
2004	12	4	0
2004	12	5	4,5
2004	12	6	1
2004	12	7	2,4
2004	12	8	0
2004	12	9	0
2004	12	10	0
2004	12	11	0
2004	12	12	0
2004	12	13	0
2004	12	14	0
2004	12	15	0
2004	12	16	0
2004	12	17	0
2004	12	18	0
2004	12	19	0
2004	12	20	0
2004	12	21	0
2004	12	22	0
2004	12	23	0
2004	12	24	0
2004	12	25	1,2
2004	12	26	4,2
2004	12	27	6,5
2004	12	28	0
2004	12	29	1,1
2004	12	30	0
2004	12	31	0
2005	1	1	0
2005	1	2	0
2005	1	3	0
2005	1	4	0
2005	1	5	0
2005	1	6	0
2005	1	7	0
2005	1	8	0
2005	1	9	0
2005	1	10	0
2005	1	11	0
2005	1	12	0
2005	1	13	0
2005	1	14	0
2005	1	15	0
2005	1	16	0
2005	1	17	0
2005	1	18	0
2005	1	19	0
2005	1	20	0
2005	1	21	0
2005	1	22	0
2005	1	23	0
2005	1	24	0,6
2005	1	25	0,4
2005	1	26	5,4
2005	1	27	3,1
2005	1	28	9,2
2005	1	29	0
2005	1	30	2,5
2005	1	31	0
2005	2	1	0
2005	2	2	0
2005	2	3	0
2005	2	4	0
2005	2	5	0,7
2005	2	6	0
2005	2	7	0
2005	2	8	26
2005	2	9	11,2
2005	2	10	0
2005	2	11	0
2005	2	12	0
2005	2	13	0
2005	2	14	0,2
2005	2	15	0
2005	2	16	0
2005	2	17	0
2005	2	18	0
2005	2	19	0
2005	2	20	0
2005	2	21	6,2
2005	2	22	0
2005	2	23	0
2005	2	24	1,1
2005	2	25	1,3
2005	2	26	0,2
2005	2	27	2,6
2005	2	28	4,4
2005	12	1	0
2005	12	2	0
2005	12	3	0
2005	12	4	0
2005	12	5	0,5
2005	12	6	0
2005	12	7	0
2005	12	8	0
2005	12	9	0
2005	12	10	0
2005	12	11	1,4
2005	12	12	0
2005	12	13	0
2005	12	14	0
2005	12	15	0
2005	12	16	0
2005	12	17	0
2005	12	18	0
2005	12	19	0
2005	12	20	1,1
2005	12	21	0
2005	12	22	0
2005	12	23	0
2005	12	24	0
2005	12	25	0,5
2005	12	26	0
2005	12	27	0,1
2005	12	28	0,1
2005	12	29	5,5
2005	12	30	0
2005	12	31	0
2006	1	1	0
2006	1	2	0
2006	1	3	0
2006	1	4	0
2006	1	5	0
2006	1	6	0,8
2006	1	7	4,3
2006	1	8	0,5
2006	1	9	0
2006	1	10	0
2006	1	11	0
2006	1	12	0
2006	1	13	0
2006	1	14	3,4
2006	1	15	0
2006	1	16	3,6
2006	1	17	0
2006	1	18	0
2006	1	19	29,9
2006	1	20	3,6
2006	1	21	0
2006	1	22	0
2006	1	23	0
2006	1	24	0
2006	1	25	0,9
2006	1	26	0
2006	1	27	0,4
2006	1	28	2
2006	1	29	3,1
2006	1	30	1,2
2006	1	31	1
2006	2	1	0,1
2006	2	2	0
2006	2	3	0
2006	2	4	0
2006	2	5	0,2
2006	2	6	0
2006	2	7	0
2006	2	8	0
2006	2	9	0
2006	2	10	9,8
2006	2	11	0,5
2006	2	12	0
2006	2	13	0
2006	2	14	0
2006	2	15	0
2006	2	16	0
2006	2	17	0
2006	2	18	0
2006	2	19	4,5
2006	2	20	3,7
2006	2	21	0,9
2006	2	22	8,4
2006	2	23	3,1
2006	2	24	1,9
2006	2	25	0
2006	2	26	3,4
2006	2	27	0
2006	2	28	0,2
2006	12	1	0
2006	12	2	1,3
2006	12	3	0,8
2006	12	4	0,9
2006	12	5	0
2006	12	6	0
2006	12	7	0
2006	12	8	0
2006	12	9	0
2006	12	10	0
2006	12	11	2,2
2006	12	12	6,4
2006	12	13	13,2
2006	12	14	0
2006	12	15	0,8
2006	12	16	0,1
2006	12	17	0
2006	12	18	0
2006	12	19	2
2006	12	20	0
2006	12	21	0
2006	12	22	0
2006	12	23	0
2006	12	24	0,6
2006	12	25	0
2006	12	26	0
2006	12	27	0
2006	12	28	0
2006	12	29	0
2006	12	30	0
2006	12	31	0
2007	1	1	0
2007	1	2	0
2007	1	3	0
2007	1	4	0
2007	1	5	0
2007	1	6	0
2007	1	7	0
2007	1	8	0
2007	1	9	0
2007	1	10	0
2007	1	11	0
2007	1	12	0
2007	1	13	0
2007	1	14	0
2007	1	15	0
2007	1	16	0
2007	1	17	0
2007	1	18	0
2007	1	19	0
2007	1	20	0
2007	1	21	0
2007	1	22	0,1
2007	1	23	0
2007	1	24	0,9
2007	1	25	0
2007	1	26	1,6
2007	1	27	0
2007	1	28	0
2007	1	29	5
2007	1	30	0
2007	1	31	0
2007	2	1	0
2007	2	2	0
2007	2	3	6,6
2007	2	4	0
2007	2	5	0
2007	2	6	0
2007	2	7	0
2007	2	8	0,4
2007	2	9	0
2007	2	10	0
2007	2	11	0
2007	2	12	0
2007	2	13	0
2007	2	14	0
2007	2	15	0
2007	2	16	0,6
2007	2	17	0,8
2007	2	18	0
2007	2	19	0
2007	2	20	2
2007	2	21	1,4
2007	2	22	0
2007	2	23	0
2007	2	24	0
2007	2	25	0
2007	2	26	0,5
2007	2	27	0
2007	2	28	0
2007	12	1	0
2007	12	2	0
2007	12	3	0
2007	12	4	0
2007	12	5	0
2007	12	6	0
2007	12	7	0
2007	12	8	0
2007	12	9	0
2007	12	10	0
2007	12	11	0
2007	12	12	0
2007	12	13	0
2007	12	14	0
2007	12	15	0
2007	12	16	0
2007	12	17	0
2007	12	18	0
2007	12	19	0
2007	12	20	0
2007	12	21	0
2007	12	22	0,7
2007	12	23	0,4
2007	12	24	11,7
2007	12	25	0,1
2007	12	26	0,9
2007	12	27	0
2007	12	28	0
2007	12	29	0,2
2007	12	30	0
2007	12	31	0
2008	1	1	0
2008	1	2	0
2008	1	3	20,4
2008	1	4	17,2
2008	1	5	0
2008	1	6	0
2008	1	7	0
2008	1	8	0
2008	1	9	0
2008	1	10	0
2008	1	11	0
2008	1	12	0
2008	1	13	0
2008	1	14	0
2008	1	15	0
2008	1	16	0
2008	1	17	0
2008	1	18	0
2008	1	19	0
2008	1	20	0
2008	1	21	0
2008	1	22	0
2008	1	23	0
2008	1	24	0
2008	1	25	0
2008	1	26	0
2008	1	27	0
2008	1	28	0
2008	1	29	0
2008	1	30	0
2008	1	31	0
2008	2	1	0
2008	2	2	0
2008	2	3	0
2008	2	4	0
2008	2	5	0
2008	2	6	0
2008	2	7	0
2008	2	8	0
2008	2	9	0
2008	2	10	0
2008	2	11	0
2008	2	12	0
2008	2	13	0
2008	2	14	6,9
2008	2	15	0
2008	2	16	0
2008	2	17	3,2
2008	2	18	3,5
2008	2	19	0,5
2008	2	20	0
2008	2	21	0
2008	2	22	0
2008	2	23	17,2
2008	2	24	0
2008	2	25	0
2008	2	26	0
2008	2	27	0
2008	2	28	0
2008	2	29	0
2008	12	1	12,1
2008	12	2	22,9
2008	12	3	0,3
2008	12	4	0,5
2008	12	5	0
2008	12	6	0
2008	12	7	0
2008	12	8	0,8
2008	12	9	8,3
2008	12	10	7,7
2008	12	11	0
2008	12	12	0
2008	12	13	1,7
2008	12	14	19,4
2008	12	15	6,9
2008	12	16	0
2008	12	17	0
2008	12	18	0
2008	12	19	0
2008	12	20	0
2008	12	21	0
2008	12	22	0
2008	12	23	0
2008	12	24	0
2008	12	25	0
2008	12	26	0
2008	12	27	0
2008	12	28	1,1
2008	12	29	0
2008	12	30	0,6
2008	12	31	0,4
2009	1	1	9,5
2009	1	2	0,7
2009	1	3	11,9
2009	1	4	17,2
2009	1	5	0,5
2009	1	6	0
2009	1	7	2,5
2009	1	8	0,2
2009	1	9	0
2009	1	10	1,8
2009	1	11	3,6
2009	1	12	2,1
2009	1	13	0,1
2009	1	14	0
2009	1	15	0
2009	1	16	0
2009	1	17	0
2009	1	18	2,1
2009	1	19	0
2009	1	20	5,9
2009	1	21	2,3
2009	1	22	0
2009	1	23	0
2009	1	24	0
2009	1	25	0,4
2009	1	26	0
2009	1	27	0
2009	1	28	0
2009	1	29	0
2009	1	30	0
2009	1	31	4
2009	2	1	1,2
2009	2	2	0
2009	2	3	0
2009	2	4	0
2009	2	5	0
2009	2	6	3,7
2009	2	7	11,3
2009	2	8	0
2009	2	9	0
2009	2	10	0
2009	2	11	0
2009	2	12	0
2009	2	13	0
2009	2	14	0
2009	2	15	0
2009	2	16	0
2009	2	17	0
2009	2	18	0
2009	2	19	0
2009	2	20	0
2009	2	21	0
2009	2	22	0
2009	2	23	0
2009	2	24	0
2009	2	25	0
2009	2	26	0
2009	2	27	0
2009	2	28	0
2009	12	1	0
2009	12	2	0
2009	12	3	2,7
2009	12	4	0
2009	12	5	0
2009	12	6	0
2009	12	7	0
2009	12	8	0
2009	12	9	0
2009	12	10	0
2009	12	11	0
2009	12	12	0
2009	12	13	0
2009	12	14	3,6
2009	12	15	0
2009	12	16	0
2009	12	17	0
2009	12	18	0
2009	12	19	10,1
2009	12	20	0
2009	12	21	0
2009	12	22	0
2009	12	23	0
2009	12	24	2,2
2009	12	25	0,9
2009	12	26	0
2009	12	27	0
2009	12	28	0
2009	12	29	0
2009	12	30	0
2009	12	31	0
2010	1	1	0
2010	1	2	0
2010	1	3	0
2010	1	4	0
2010	1	5	0
2010	1	6	0
2010	1	7	0,1
2010	1	8	0
2010	1	9	0,4
2010	1	10	0,3
2010	1	11	0
2010	1	12	0
2010	1	13	1,5
2010	1	14	0
2010	1	15	0
2010	1	16	0
2010	1	17	0
2010	1	18	0
2010	1	19	0
2010	1	20	0
2010	1	21	0
2010	1	22	0
2010	1	23	0,4
2010	1	24	9,6
2010	1	25	30,2
2010	1	26	3,5
2010	1	27	6,4
2010	1	28	0
2010	1	29	0
2010	1	30	0
2010	1	31	0
2010	2	1	0
2010	2	2	0
2010	2	3	0
2010	2	4	0,3
2010	2	5	0
2010	2	6	0
2010	2	7	0
2010	2	8	1,8
2010	2	9	0
2010	2	10	0,3
2010	2	11	0,2
2010	2	12	13,3
2010	2	13	10,2
2010	2	14	0
2010	2	15	0,4
2010	2	16	0,6
2010	2	17	0
2010	2	18	3,9
2010	2	19	0,2
2010	2	20	0
2010	2	21	1,9
2010	2	22	0
2010	2	23	0
2010	2	24	0
2010	2	25	0
2010	2	26	0
2010	2	27	0
2010	2	28	0,1
2010	12	1	0
2010	12	2	1
2010	12	3	0
2010	12	4	0
2010	12	5	0
2010	12	6	0
2010	12	7	0
2010	12	8	0
2010	12	9	0
2010	12	10	0
2010	12	11	0
2010	12	12	0
2010	12	13	0
2010	12	14	0
2010	12	15	0,7
2010	12	16	0
2010	12	17	0
2010	12	18	0
2010	12	19	0
2010	12	20	0
2010	12	21	0
2010	12	22	1,7
2010	12	23	1,8
2010	12	24	0
2010	12	25	1
2010	12	26	0
2010	12	27	0
2010	12	28	0
2010	12	29	0
2010	12	30	0
2010	12	31	0
2011	1	1	0,5
2011	1	2	0,2
2011	1	3	0
2011	1	4	0
2011	1	5	0
2011	1	6	0
2011	1	7	0
2011	1	8	0
2011	1	9	0,1
2011	1	10	0,3
2011	1	11	0
2011	1	12	0
2011	1	13	0
2011	1	14	0
2011	1	15	0
2011	1	16	0
2011	1	17	0
2011	1	18	0
2011	1	19	0
2011	1	20	0
2011	1	21	0
2011	1	22	0
2011	1	23	0
2011	1	24	0
2011	1	25	0
2011	1	26	0,8
2011	1	27	2,6
2011	1	28	0
2011	1	29	0,7
2011	1	30	4,9
2011	1	31	1,1
2011	2	1	0,3
2011	2	2	0
2011	2	3	0
2011	2	4	0
2011	2	5	0
2011	2	6	0
2011	2	7	0
2011	2	8	0
2011	2	9	0
2011	2	10	0
2011	2	11	0
2011	2	12	0
2011	2	13	0,9
2011	2	14	0
2011	2	15	5,1
2011	2	16	8,9
2011	2	17	0
2011	2	18	0
2011	2	19	0
2011	2	20	6,6
2011	2	21	0
2011	2	22	0
2011	2	23	0
2011	2	24	0
2011	2	25	0
2011	2	26	0
2011	2	27	0
2011	2	28	1,9
2011	12	1	0
2011	12	2	3,4
2011	12	3	0
2011	12	4	0
2011	12	5	0
2011	12	6	0
2011	12	7	0
2011	12	8	0
2011	12	9	0
2011	12	10	0
2011	12	11	0
2011	12	12	0
2011	12	13	0
2011	12	14	0
2011	12	15	0
2011	12	16	0
2011	12	17	0
2011	12	18	0
2011	12	19	0
2011	12	20	0
2011	12	21	0
2011	12	22	0
2011	12	23	0
2011	12	24	0
2011	12	25	0
2011	12	26	0
2011	12	27	15,1
2011	12	28	0,7
2011	12	29	0
2011	12	30	0
2011	12	31	0
2012	1	1	0
2012	1	2	0
2012	1	3	0
2012	1	4	0
2012	1	5	0
2012	1	6	0
2012	1	7	0
2012	1	8	0
2012	1	9	0
2012	1	10	0
2012	1	11	0
2012	1	12	0
2012	1	13	0
2012	1	14	0
2012	1	15	0
2012	1	16	8
2012	1	17	1
2012	1	18	0
2012	1	19	0
2012	1	20	0
2012	1	21	0
2012	1	22	0
2012	1	23	0
2012	1	24	0
2012	1	25	0
2012	1	26	0
2012	1	27	0
2012	1	28	0,3
2012	1	29	0,2
2012	1	30	0
2012	1	31	0
2012	2	1	0
2012	2	2	3,8
2012	2	3	0,1
2012	2	4	0,4
2012	2	5	1
2012	2	6	5,3
2012	2	7	13,5
2012	2	8	0,1
2012	2	9	0
2012	2	10	0
2012	2	11	2,7
2012	2	12	0,6
2012	2	13	0
2012	2	14	0
2012	2	15	0
2012	2	16	0
2012	2	17	0
2012	2	18	0
2012	2	19	0
2012	2	20	0
2012	2	21	0,4
2012	2	22	0
2012	2	23	0
2012	2	24	0
2012	2	25	0
2012	2	26	0
2012	2	27	0
2012	2	28	0
2012	2	29	0
2012	12	1	2,7
2012	12	2	0
2012	12	3	0
2012	12	4	0
2012	12	5	0
2012	12	6	0
2012	12	7	2,3
2012	12	8	0
2012	12	9	0
2012	12	10	0
2012	12	11	0
2012	12	12	0
2012	12	13	0
2012	12	14	0
2012	12	15	0
2012	12	16	0
2012	12	17	0
2012	12	18	0
2012	12	19	0
2012	12	20	0
2012	12	21	0
2012	12	22	0
2012	12	23	0
2012	12	24	0
2012	12	25	0,1
2012	12	26	0
2012	12	27	0
2012	12	28	0
2012	12	29	0
2012	12	30	0
2012	12	31	0
2013	1	1	5,9
2013	1	2	2
2013	1	3	0,1
2013	1	4	0
2013	1	5	0
2013	1	6	0
2013	1	7	0
2013	1	8	0
2013	1	9	0
2013	1	10	0
2013	1	11	0
2013	1	12	0
2013	1	13	10,5
2013	1	14	17,2
2013	1	15	0
2013	1	16	0
2013	1	17	0
2013	1	18	0
2013	1	19	5,6
2013	1	20	0
2013	1	21	0
2013	1	22	3,8
2013	1	23	0,4
2013	1	24	1,3
2013	1	25	9,9
2013	1	26	0,1
2013	1	27	0
2013	1	28	0
2013	1	29	0
2013	1	30	0
2013	1	31	0
2013	2	1	0
2013	2	2	0
2013	2	3	0
2013	2	4	0
2013	2	5	0
2013	2	6	0,5
2013	2	7	0
2013	2	8	3,4
2013	2	9	0,5
2013	2	10	0
2013	2	11	3
2013	2	12	4,3
2013	2	13	0
2013	2	14	0
2013	2	15	0
2013	2	16	0
2013	2	17	0
2013	2	18	0
2013	2	19	4,7
2013	2	20	4,7
2013	2	21	0
2013	2	22	5,7
2013	2	23	1,3
2013	2	24	0,7
2013	2	25	2,5
2013	2	26	0
2013	2	27	0
2013	2	28	0,3
2013	12	1	10,3
2013	12	2	0
2013	12	3	0
2013	12	4	0
2013	12	5	0
2013	12	6	0
2013	12	7	0
2013	12	8	0
2013	12	9	0
2013	12	10	0
2013	12	11	0
2013	12	12	0
2013	12	13	0
2013	12	14	0
2013	12	15	0
2013	12	16	0
2013	12	17	0,1
2013	12	18	1,5
2013	12	19	0,6
2013	12	20	25,7
2013	12	21	1,1
2013	12	22	0,2
2013	12	23	0
2013	12	24	0
2013	12	25	17,4
2013	12	26	0,9
2013	12	27	0
2013	12	28	3,9
2013	12	29	0,3
2013	12	30	0
2013	12	31	0
2014	1	1	0
2014	1	2	0
2014	1	3	0
2014	1	4	0
2014	1	5	0
2014	1	6	0
2014	1	7	0
2014	1	8	0
2014	1	9	0
2014	1	10	0
2014	1	11	4
2014	1	12	0
2014	1	13	2,6
2014	1	14	0,1
2014	1	15	0
2014	1	16	0
2014	1	17	0
2014	1	18	0,8
2014	1	19	8,1
2014	1	20	0
2014	1	21	0
2014	1	22	0,9
2014	1	23	1,9
2014	1	24	0
2014	1	25	0
2014	1	26	0
2014	1	27	0
2014	1	28	0
2014	1	29	5,5
2014	1	30	4,1
2014	1	31	9,4
2014	2	1	1,2
2014	2	2	0,1
2014	2	3	4,2
2014	2	4	0
2014	2	5	0
2014	2	6	0
2014	2	7	0
2014	2	8	0
2014	2	9	5,8
2014	2	10	0,2
2014	2	11	0
2014	2	12	0,3
2014	2	13	0
2014	2	14	0
2014	2	15	0
2014	2	16	0
2014	2	17	1,8
2014	2	18	1,2
2014	2	19	0
2014	2	20	0
2014	2	21	0
2014	2	22	0
2014	2	23	0
2014	2	24	2,4
2014	2	25	0
2014	2	26	0,1
2014	2	27	0
2014	2	28	0
